# POSITION WT SITE_ENTROPY PI_A PI_C PI_D PI_E PI_F PI_G PI_H PI_I PI_K PI_L PI_M PI_N PI_P PI_Q PI_R PI_S PI_T PI_V PI_W PI_Y
-8 K 3.84576 0.0192063 0.0859221 0.00194554 0.00917324 0.094272 0.00917532 0.0327435 0.086069 0.0571445 0.111447 0.0385804 0.0652312 0.0147599 0.0423485 0.0138317 0.0437246 0.165757 0.0439119 0.00543081 0.0593254
-7 A 3.70146 0.110257 0.0173693 0.0389568 0.015039 0.0457395 0.00245942 0.0117642 0.0585468 0.00745129 0.244419 0.0655346 0.0849693 0.0126861 0.0193003 0.0301325 0.030406 0.0223274 0.0785193 0.023672 0.0804504
-6 K 4.04623 0.150044 0.046961 0.00534562 0.0206254 0.0206882 0.0181831 0.0267027 0.0309062 0.0938202 0.0526454 0.0642591 0.0536746 0.0417358 0.0562133 0.0740603 0.0619194 0.0767773 0.0556905 0.0279222 0.0218255
-5 L 3.18469 0.171049 0.115902 0.00538325 0.011117 0.233676 0.00615171 0.0418137 0.0495491 0.0359029 0.215957 0.0174257 0.00421664 0.00283774 0.00757609 0.00352551 0.00275523 0.00758698 0.0147433 0.0286964 0.0241343
-4 L 3.31545 0.0251068 0.0192669 0.00858371 0.00326892 0.216929 0.00158437 0.0557501 0.0838594 0.00287993 0.226101 0.0530977 0.00201708 0.00478379 0.0513837 0.00557156 0.0260751 0.00553581 0.033979 0.138934 0.0352922
-3 V 3.45466 0.0195371 0.114451 0.00228911 0.0146683 0.116243 0.00226977 0.00162505 0.0754226 0.0247703 0.197489 0.112093 0.00982167 0.000264567 0.00690423 0.0450232 0.00243785 0.0218546 0.126509 0.0888296 0.0174968
-2 L 2.54079 0.0197678 0.0147334 0.00125594 0.00216914 0.213792 0.00424228 0.00586444 0.0887602 0.00344528 0.480997 0.0355259 0.00361127 0.00372954 0.0137006 0.00618073 0.021838 0.00862863 0.0393796 0.0251723 0.00720619
-1 L 3.19142 0.00214087 0.120984 0.00220739 0.00285044 0.0486993 0.0981758 0.00289497 0.0439925 0.00199588 0.291302 0.105175 0.00909867 0.00661324 0.00342498 0.00773482 0.00341508 0.00603373 0.125102 0.0476068 0.070553
1 Y 3.36141 0.0448689 0.0691064 0.00256721 0.00144578 0.259894 0.00417131 0.0131608 0.113656 0.0752915 0.0655765 0.0489138 0.00274877 0.00108679 0.00408726 0.00451775 0.115689 0.0352206 0.0163329 0.00526209 0.116404
2 A 3.59744 0.0892678 0.043493 0.00213303 0.0139592 0.191174 0.010051 0.0296944 0.0657993 0.00190115 0.154519 0.0281016 0.0144295 0.00470741 0.0255803 0.0036474 0.0705211 0.041602 0.139347 0.0509379 0.0191349
3 F 3.4347 0.0553102 0.127246 0.00304618 0.00162171 0.144106 0.0977668 0.00756077 0.0882215 0.00211472 0.0862073 0.0170034 0.00384645 0.00353455 0.00407571 0.0138374 0.135104 0.00916523 0.154836 0.0414664 0.00393051
4 V 3.15092 0.0746298 0.0194155 0.00568323 0.113677 0.0139882 0.00815781 0.0291347 0.0592305 0.00670675 0.00657637 0.0231284 0.00916926 0.00493451 0.026741 0.0264897 0.156824 0.0333623 0.365392 0.00911705 0.00764155
5 A 3.55795 0.315917 0.0505876 0.0154975 0.0711485 0.0318021 0.0219727 0.0223523 0.00995448 0.0152564 0.071374 0.0327701 0.0646349 0.0090313 0.124226 0.0222194 0.0361345 0.0216076 0.018924 0.0264954 0.0180942
6 T 2.8277 0.0321377 0.0598907 0.00623495 0.00744443 0.00247631 0.00805496 0.00301051 0.262273 0.00792996 0.00071779 0.0468398 0.00512289 0.0433619 0.00192568 0.00161758 0.0434667 0.341149 0.111881 0.0103704 0.00409412
7 D 3.27436 0.143484 0.00925603 0.334922 0.0348404 0.00353462 0.0132573 0.0628614 0.00985444 0.0913144 0.0128829 0.0883563 0.0120062 0.000698519 0.00940902 0.0758521 0.0269335 0.0138015 0.0160978 0.0178433 0.0227947
10 A 1.5698 0.78254 0.0081147 0.0228696 0.0103641 0.00383302 0.0477873 0.010615 0.0106019 0.00823779 0.00166139 0.0121667 0.00774389 0.00305756 0.00775994 0.00167338 0.0274967 0.0045816 0.0125647 0.0137913 0.00253931
11 D 1.60114 0.00988166 0.00286988 0.756404 0.0210355 0.00177012 0.06248 0.00330945 0.0015721 0.00764133 0.000657807 0.0065821 0.0206221 0.00294479 0.00494442 0.00539679 0.00128762 0.004869 0.0202437 0.00723576 0.0582514
12 T 3.39446 0.000620245 0.000768994 0.00302666 0.0249071 0.00469647 0.000317133 0.0396045 0.0280391 0.0631086 0.221326 0.0277882 0.0497419 0.000233296 0.197518 0.0789027 0.0944374 0.0845351 0.047117 0.00245518 0.0308568
13 I 1.62293 0.00153767 0.00192662 0.00850381 0.00619165 0.00286526 0.00101971 0.0016269 0.737059 0.104472 0.0412615 0.0218226 0.00387461 0.0055949 0.0122372 0.00171687 0.00328974 0.0104909 0.0271136 0.00250073 0.00489531
14 C 1.00433 0.00178647 0.853272 0.0738716 0.00110349 0.00657352 0.000825091 0.001234 0.000901283 0.00615013 0.00241081 0.00434535 0.00186147 0.00380321 0.00230008 0.0031793 0.0025925 0.00122799 0.00649505 0.0227581 0.00330883
15 I 1.42526 0.00599753 0.004238 0.0298067 0.0036688 0.0023377 0.000762797 0.0050783 0.792502 0.00769475 0.0420343 0.00629027 0.00679197 0.00056528 0.00254424 0.00111649 0.00363477 0.00502009 0.0467836 0.00360357 0.0295284
16 G 1.01731 0.00279127 0.00601757 0.00607575 0.00251599 0.00120865 0.83823 0.00250227 0.00126968 0.00252269 0.00199587 0.00352554 0.00233414 0.00574129 0.0023305 0.00260377 0.104383 0.000663198 0.00649519 0.00463863 0.00215485
17 Y 1.98647 0.00262267 0.010484 0.00254452 0.00427929 0.0746321 0.000220759 0.0079505 0.00538978 0.0102607 0.000875807 0.019212 0.00149911 0.000273321 0.0321099 0.00132417 0.00778164 0.118487 0.0196112 0.030012 0.65043
18 H 2.64561 0.0539362 0.00944875 0.00377073 0.00233011 0.00103941 0.00228624 0.50016 0.021236 0.0435533 0.146706 0.0169973 0.00934024 0.00239966 0.0693669 0.00190663 0.0115698 0.0316703 0.0488717 0.00296104 0.0204502
19 A 1.96445 0.634555 0.0284274 0.000925857 0.00706323 0.0021049 0.00211229 0.00160147 0.00219465 0.00135957 0.00055093 0.00600021 0.0424036 0.000588108 0.00293417 0.000537019 0.0631166 0.00607597 0.098658 0.00338168 0.0954092
20 N 0.802394 0.00488182 0.00128684 0.0102483 0.00138699 0.0141812 0.00155272 0.0107742 0.00527457 0.012786 0.000674094 0.00249552 0.904819 0.000523351 0.00127192 0.00868982 0.0109859 0.00208731 0.000407337 0.00275456 0.00291899
21 N 1.12798 0.0648597 0.000996304 0.0301086 0.00463183 0.00265346 0.00265958 0.00102213 0.00114728 0.0049744 0.000746297 0.00369076 0.828162 0.000479488 0.00221976 0.000811703 0.00450592 0.00166961 0.00145917 0.0408959 0.00230616
22 S 1.70722 0.0722043 0.0181694 0.000551469 0.019622 0.00172911 0.00775169 0.00779065 0.00107702 0.0144676 0.000949389 0.00491426 0.0524324 0.00200176 0.00544597 0.00163964 0.730155 0.0440699 0.00436405 0.00765994 0.00300403
23 T 1.58936 0.00220979 0.00172827 0.00192299 0.00418352 0.00219697 0.00302215 0.0181491 0.00300704 0.00271415 0.000986987 0.00684668 0.0753079 0.00933639 0.00242594 0.000892973 0.0391552 0.724835 0.00101443 0.0986856 0.00137885
24 D 2.0395 0.00843118 0.00187552 0.640615 0.0552969 0.00397678 0.00329266 0.0204834 0.00402185 0.00861028 0.00165215 0.00313366 0.0100952 0.000579843 0.0934906 0.0010052 0.000714848 0.0881621 0.0358674 0.00605374 0.0126419
25 T 2.26418 0.00757838 0.0065394 0.00203076 0.23831 0.00163659 0.00477494 0.00303006 0.0105648 0.00284532 0.0446169 0.0340758 0.00956118 0.00296787 0.00906406 0.0509709 0.0175271 0.52894 0.0187249 0.0051336 0.00110693
26 V 1.40221 0.00617705 0.00526526 0.0473784 0.00274702 0.00499976 0.00318454 0.00159788 0.0666654 0.0221416 0.0324921 0.00390256 0.00114327 0.000475503 0.00357064 0.000968563 0.00676606 0.00121927 0.784563 0.00240335 0.00233885
27 D 1.02754 0.00245249 0.00206725 0.873831 0.0171083 0.00727192 0.0118792 0.00377064 0.00175566 0.00146945 0.00228686 0.00981139 0.0184677 0.00672815 0.0026356 0.00210245 0.00134519 0.00654112 0.00937954 0.00464938 0.0144464
28 T 0.85042 0.00486127 0.00253968 0.00243012 0.00199553 0.00232207 0.00117953 0.00537205 0.00612252 0.00920572 0.001404 0.00518957 0.00920693 0.00148872 0.00671615 0.00162692 0.0372885 0.89428 0.0015516 0.00191617 0.00330339
29 I 1.98997 0.0160904 0.014302 0.00166199 0.00203741 0.0158014 0.00266327 0.00171577 0.654757 0.00652113 0.0442043 0.129359 0.00231786 0.0126224 0.00638834 0.00204843 0.00299026 0.0544147 0.0104116 0.00351238 0.0161797
30 L 2.66547 0.00521414 0.0223956 0.0454317 0.00490983 0.0141927 0.00102179 0.000607503 0.0118153 0.0046473 0.063436 0.0058721 0.00342195 0.00167313 0.0387824 0.141521 0.404893 0.211581 0.000533914 0.00440466 0.0136451
31 E 2.10327 0.108358 0.00165988 0.0140948 0.599685 0.00504311 0.00833463 0.00718506 0.00309243 0.00701554 0.000672951 0.0044977 0.0159548 0.000439904 0.150369 0.0116455 0.0298501 0.00446378 0.00403743 0.0200629 0.00353735
32 K 1.99198 0.00730126 0.00697604 0.00290036 0.0124064 0.00220407 0.0373136 0.00706436 0.00200478 0.464194 0.00108221 0.0172376 0.0115228 0.00408269 0.00224789 0.382975 0.00153193 0.0257192 0.00231679 0.00497804 0.00394036
33 N 1.42843 0.00992163 0.00335444 0.0102712 0.0251978 0.00338883 0.0202517 0.0101737 0.00174791 0.0379613 0.000954975 0.0076572 0.807283 0.00211003 0.0119937 0.00895863 0.0183505 0.0046733 0.00326291 0.0048354 0.00765193
34 V 1.56938 0.00953729 0.0131264 0.00331791 0.00975015 0.00498715 0.0105541 0.00407671 0.092852 0.00415282 0.0108591 0.0170911 0.0176224 0.00213763 0.0107072 0.00184072 0.000936546 0.0039717 0.763451 0.0155604 0.0034677
35 A 3.56117 0.124676 0.14279 0.0107228 0.0130117 0.0668819 0.0207027 0.0147271 0.0392088 0.0923324 0.00494725 0.0149515 0.00269535 0.189893 0.0102364 0.0334462 0.0109377 0.0252881 0.142679 0.0259569 0.0139141
36 V 2.9078 0.0590284 0.0213892 0.0187194 0.0265998 0.0149965 0.0125335 0.0539153 0.0598716 0.0270299 0.00238658 0.0381698 0.0276372 0.017412 0.0251275 0.00648768 0.0103298 0.012583 0.518534 0.0233508 0.0238975
37 T 0.989504 0.00554913 0.00153666 0.0108949 0.00499128 0.0138797 0.00218132 0.00379535 0.0074399 0.0150031 0.0048036 0.00576772 0.00572163 0.000410606 0.00427352 0.0016751 0.00654702 0.882 0.0112258 0.00835982 0.00394424
38 H 1.88958 0.0300842 0.00373097 0.0262018 0.00675552 0.0383872 0.0062217 0.691176 0.00139828 0.00147407 0.00497147 0.024929 0.00960333 0.0029934 0.0252868 0.00295604 0.104695 0.00164464 0.00104102 0.00743949 0.00900939
39 S 1.93961 0.0171303 0.00740089 0.00646426 0.00344698 0.0315702 0.00228765 0.0391448 0.00619642 0.0117966 0.0261441 0.0131225 0.0137505 0.00549466 0.00639879 0.00231148 0.699839 0.0112996 0.00373876 0.0853454 0.00711743
40 V 2.88555 0.0116955 0.00555368 0.0033884 0.00340419 0.0892592 0.00292707 0.00646436 0.075216 0.0690761 0.0318205 0.0281868 0.00120432 0.00046321 0.0467779 0.0170587 0.00339335 0.0217218 0.405841 0.00618207 0.170366
41 N 1.68321 0.000799191 0.00198065 0.0278937 0.0257685 0.00509919 0.00224322 0.00122853 0.00142149 0.00851533 0.000897711 0.00544673 0.723351 0.00998251 0.00436944 0.00432665 0.0863921 0.0682601 0.00250731 0.017279 0.0022375
42 L 0.93862 0.000581207 0.00469092 0.00269344 0.00497912 0.0405243 0.000736979 0.00291707 0.01976 0.00248212 0.878823 0.00640599 0.0017269 0.00953028 0.00819277 0.0023706 0.00150929 0.00199018 0.00214428 0.00343946 0.00450211
43 L 0.812575 0.00396116 0.0038842 0.0325903 0.00138515 0.00515996 0.00179617 0.00169879 0.00337153 0.00307952 0.90047 0.00819626 0.000923048 0.00309789 0.00246411 0.000765228 0.00535039 0.000663188 0.0128516 0.00413483 0.00415646
44 E 2.78552 0.26341 0.0588285 0.0241837 0.255764 0.0081113 0.00376402 0.003226 0.0465646 0.00931905 0.0116748 0.00240695 0.000897591 0.000126841 0.0145991 0.00251481 0.00122014 0.0591615 0.225278 0.00212932 0.00682004
45 D 3.34795 0.130744 0.00290066 0.288447 0.0475489 0.00127977 0.0472365 0.0535513 0.00655917 0.0202303 0.013281 0.0187828 0.0567627 0.000673265 0.00290531 0.00549159 0.132071 0.0828768 0.0377206 0.0060048 0.0449317
46 S 3.50756 0.099346 0.00166593 0.00710894 0.317542 0.0299227 0.0723156 0.038911 0.012937 0.025914 0.0257525 0.0522029 0.0308068 9.25451e-05 0.0661705 0.0345706 0.0693622 0.0575424 0.0360858 0.00862969 0.0131208
47 H 2.17103 0.041623 0.00330305 0.00360667 0.00372196 0.00142174 0.00234342 0.609023 0.00766687 0.00333566 0.000536221 0.0219419 0.00646365 0.0181285 0.0160906 0.0146766 0.0208438 0.142971 0.00730049 0.00569265 0.0693095
48 N 1.46037 0.00164492 0.00190552 0.0126217 0.00502469 0.0816769 0.00509078 0.00424997 0.00528061 0.0179599 0.000899818 0.007743 0.775916 0.000957446 0.00709504 0.00111179 0.0335905 0.0294916 0.00179653 0.00423986 0.00170304
49 G 2.49518 0.0206449 0.00368703 0.0134002 0.0412461 0.0137163 0.552018 0.0488794 0.0307472 0.00846057 0.000452297 0.154299 0.0134297 0.00139412 0.0166382 0.0121841 0.0337724 0.0113556 0.00281178 0.0113117 0.00955149
50 K 3.16363 0.154324 0.00538133 0.00317466 0.00075746 0.224736 0.00642512 0.053517 0.0014138 0.240736 0.0183384 0.0589276 0.00710965 0.000965165 0.0709804 0.0460266 0.000564896 0.00138652 0.0396998 0.0385462 0.0269898
51 L 1.09646 0.000995815 0.00434155 0.00142296 0.0101252 0.00479021 0.00108763 0.00585792 0.0462244 0.00362082 0.857249 0.0102691 0.00729062 0.00626125 0.00516121 0.00624284 0.00276516 0.00189159 0.00338872 0.0130627 0.00795124
52 C 0.956296 0.00128084 0.878859 0.00462956 0.00862674 0.00800515 0.00446113 0.00165259 0.00355258 0.00130375 0.00273526 0.0121686 0.00482211 0.00111258 0.0305659 0.00194002 0.00184984 0.000897709 0.00308291 0.00553612 0.0229178
53 K 3.32515 0.0375142 0.00135447 0.00776481 0.00504558 0.0538281 0.000665912 0.0605458 0.000609397 0.162648 0.0363244 0.0150984 0.117457 0.000131794 0.0196791 0.204976 0.076126 0.0336094 0.000158298 0.00663553 0.159827
54 L 1.79672 0.000398888 0.00085248 0.00107671 0.00437748 0.00449239 0.00149238 0.0006014 0.258585 0.000987376 0.550626 0.0197793 0.00236988 0.0015162 0.00068753 0.000556366 0.00154072 0.00181469 0.127306 0.00165987 0.019279
55 K 3.17122 0.0269183 0.000711394 0.0758564 0.0385129 0.0276528 0.0236099 0.289729 0.000293471 0.127484 0.00247949 0.00948978 0.185671 0.000170598 0.0560768 0.0249748 0.00801495 0.00134906 0.000347878 0.0234725 0.0771857
56 G 1.69594 0.00167019 0.00306138 0.0183269 0.010665 0.00648819 0.728644 0.0966089 0.0017711 0.00785505 0.000804765 0.0064939 0.0391361 0.00120159 0.0091608 0.00857138 0.0410871 0.00445612 0.00587987 0.00521175 0.00290635
56A I 3.28964 0.0123015 0.00373722 0.00910341 0.0231426 0.00676192 0.00947651 0.0892764 0.230766 0.0948478 0.0141821 0.0315608 0.0561137 0.000330513 0.0539492 0.186449 0.00637487 0.015546 0.150282 0.00363848 0.0021601
57 A 3.44374 0.111686 0.000919028 0.0235291 0.323347 0.00643152 0.0296053 0.0457209 0.00170916 0.0994079 0.0299727 0.0567433 0.0561349 0.0449629 0.0485125 0.0295705 0.0184691 0.0273695 0.0049628 0.00490741 0.0360388
58 P 0.903247 0.0642239 0.00337434 0.00334053 0.00284607 0.00298581 0.00586712 0.00643939 0.0026293 0.00325038 0.00199904 0.00847836 0.00184832 0.87563 0.00140347 0.000904472 0.00259427 0.00175406 0.00148747 0.00581059 0.00313291
59 L 1.2814 0.00092717 0.00428548 0.00190283 0.00215102 0.0139584 0.000692412 0.00942256 0.0398904 0.00470699 0.826525 0.0139805 0.00584836 0.00475971 0.00399549 0.00643829 0.00221176 0.0059015 0.0343041 0.0120666 0.00603177
60 Q 3.64422 0.0351601 0.00240299 0.207231 0.12401 0.0191837 0.00951823 0.0111646 0.086606 0.00643185 0.0709376 0.12795 0.00365477 0.011077 0.0680975 0.0477326 0.0187081 0.0322158 0.0718126 0.01443 0.0316753
61 L 0.809972 0.000593464 0.00150806 0.00432421 0.0087366 0.0112927 0.00866568 0.00127593 0.0123237 0.000907 0.904574 0.00672793 0.00373287 0.000705788 0.000882532 0.0130419 0.0099231 0.00166187 0.00335583 0.00450555 0.00126184
62 G 3.3787 0.018622 0.00252437 0.0590603 0.0775636 0.0189727 0.302423 0.101479 0.00121595 0.0728656 0.0504698 0.0336744 0.0358235 0.00356309 0.106301 0.0748182 0.0192802 0.00895465 0.0017929 0.00177706 0.00881907
63 K 3.17137 0.0570045 0.00173011 0.00353922 0.0319586 0.00827808 0.10048 0.00529819 0.0230118 0.0480819 0.0127292 0.0273007 0.013775 0.187629 0.0220583 0.0262753 0.0242147 0.35672 0.00644386 0.0185023 0.0249697
64 C 0.6572 0.00179382 0.916058 0.00122818 0.00160174 0.00633792 0.000831629 0.00131221 0.00188998 0.00268394 0.00143342 0.0430995 0.00146274 0.000516321 0.00210461 0.00425071 0.00107141 0.000577983 0.00438875 0.00258758 0.00476908
65 N 2.8366 0.0259777 0.00897233 0.0560745 0.0236487 0.000962138 0.0707183 0.00857193 0.000494621 0.0117134 0.000584592 0.019836 0.312207 0.00055834 0.0466591 0.00721901 0.244766 0.157269 0.000400408 0.00208735 0.00127868
66 I 2.23605 0.000445873 0.00512002 0.000359665 0.000573772 0.0628382 0.000475728 0.000930202 0.392543 0.000635805 0.255135 0.0427473 0.000909498 0.0235081 0.00196492 0.000480147 0.000175146 0.00371854 0.205011 0.00206004 0.000368255
67 T 3.08762 0.0276551 0.028363 0.000301992 0.00404022 0.0037561 0.0109452 0.0124387 0.207352 0.00917628 0.113401 0.0305388 0.0156906 0.0452625 0.0095947 0.00582951 0.0184156 0.261969 0.185484 0.00238377 0.0074011
68 G 0.74012 0.0476894 0.00195194 0.00230382 0.00819369 0.00143309 0.903101 0.00122222 0.000668858 0.00464618 0.00123061 0.00545179 0.00160784 0.000493049 0.00193763 0.00297172 0.0017339 0.000793781 0.0078073 0.00356025 0.00120215
69 W 0.611332 0.000803692 0.00871348 0.00194856 0.00309943 0.00239197 0.00718839 0.00211151 0.00355229 0.0041035 0.00754751 0.00282897 0.0040595 0.000431625 0.00330116 0.00144295 0.00102869 0.00113133 0.00726507 0.933707 0.00334335
70 L 1.36691 0.00189544 0.00128957 0.00545091 0.00185276 0.00895532 0.00266552 0.00399975 0.00595647 0.00147767 0.788194 0.029432 0.00262691 0.0152483 0.00125756 0.00256214 0.0689494 0.000930109 0.0530744 0.00286041 0.00132135
71 L 1.2758 0.00477705 0.00149703 0.000891822 0.00158252 0.00351307 0.000327226 0.000705957 0.0912877 0.000813758 0.803604 0.014022 0.00626578 0.0261641 0.00146854 0.0108181 0.0015829 0.00750066 0.00660985 0.00872846 0.00783919
72 G 0.456894 0.018437 0.00106084 0.000593803 0.00279921 0.000650627 0.948821 0.00081849 0.000408267 0.0021269 0.000263044 0.00266864 0.00121519 0.00100004 0.00238891 0.00281596 0.000559006 0.000645957 0.00910346 0.00261327 0.00101027
73 N 1.37829 0.0113654 0.00165834 0.0110389 0.00241237 0.000688507 0.000994617 0.152922 0.00565405 0.00634747 0.00119625 0.00142082 0.743129 9.64897e-05 0.00235274 0.00199834 0.0453202 0.00700016 0.0016911 0.00163884 0.0010743
74 P 0.802396 0.00161033 0.00292292 0.00377466 0.00493996 0.000891228 0.001012 0.0823717 0.000944259 0.00182449 0.00472312 0.00246793 0.00096576 0.877949 0.00130479 0.00107279 0.00314021 0.00361027 0.00186735 0.00154187 0.00106554
75 E 3.19281 0.126074 0.00897842 0.0449675 0.352153 0.0121934 0.0448546 0.00626577 0.00784422 0.00993141 0.02756 0.0323484 0.0981199 0.000105976 0.0271284 0.000714365 0.0195684 0.0248502 0.00933357 0.0197626 0.127246
76 C 0.571598 0.00102267 0.937438 0.00206706 0.0019743 0.00671428 0.00413251 0.0010579 0.00135076 0.0018894 0.000187934 0.00385202 0.00372605 0.00102346 0.00175336 0.00606605 0.00200441 0.0015201 0.00348674 0.0147715 0.0039613
77 D 1.36369 0.00560792 0.00527285 0.74516 0.170492 0.00150895 0.00574675 0.00340765 0.00102278 0.000652601 0.00487886 0.00402956 0.00833193 0.00091071 0.0106072 0.000461439 0.00249131 0.0152519 0.00237855 0.00201654 0.00977112
78 S 3.81914 0.0482589 0.00309672 0.145422 0.073144 0.0283412 0.0155676 0.102302 0.0719238 0.00400656 0.107231 0.0311331 0.0225772 0.0229187 0.0405064 0.0113614 0.0554473 0.0212033 0.0390159 0.0117285 0.144813
78A L 1.28781 0.00737082 0.00355766 0.00987447 0.00180892 0.00178518 0.00105937 0.00378409 0.131525 0.00137313 0.782871 0.0170966 0.00104075 0.00393565 0.00653129 0.00577697 0.00175584 0.00592585 0.00644322 0.00387174 0.00261259
79 L 3.21561 0.0244987 0.00101168 0.00547866 0.0803414 0.01836 0.00724183 0.0141258 0.196643 0.0235926 0.245061 0.133202 0.00533233 0.00156236 0.0554203 0.000482629 0.0130079 0.0101548 0.0251075 0.128945 0.0104316
80 P 3.84786 0.0325217 0.000110651 0.121058 0.0604088 0.124454 0.0865726 0.0353021 0.0753561 0.0146233 0.142769 0.0384789 0.0358278 0.0541833 0.00620054 0.00842677 0.0260768 0.0351348 0.0293576 0.00735098 0.0657859
81 A 3.81455 0.0625625 0.00276913 0.0358317 0.068136 0.116678 0.0123221 0.0473727 0.174458 0.0431568 0.0526132 0.0802676 0.0184729 0.0126001 0.0375515 0.00935448 0.0412545 0.127924 0.0251788 0.00459236 0.0269033
82 R 3.80893 0.0195234 0.00267005 0.0108412 0.115034 0.0162272 0.0272019 0.132348 0.0390189 0.0355236 0.0467948 0.0665367 0.143443 0.00193257 0.0358188 0.118581 0.0287216 0.0358312 0.0730126 0.00772965 0.0432108
83 S 3.83073 0.0104488 0.000992709 0.070775 0.0542002 0.0366269 0.0330551 0.057774 0.0509575 0.0169145 0.0156447 0.173548 0.0370466 0.0335325 0.156182 0.0100037 0.0855844 0.0571463 0.0261362 0.0128997 0.0605308
84 W 1.77022 0.00125191 0.0517954 0.0297401 0.0048323 0.208626 0.00278312 0.00234209 0.00383227 0.0109881 0.018324 0.0042417 0.00368752 0.00142928 0.00424035 0.00385365 0.00124344 0.00114181 0.00176833 0.639783 0.00409547
85 S 1.38226 0.0575574 0.0041013 0.00380793 0.00287616 0.00609987 0.146212 0.00179839 0.000693425 0.000733821 0.000461738 0.00290982 0.000886648 0.00506293 0.00442883 0.000545586 0.742093 0.00172272 0.000726816 0.0127615 0.00452016
86 Y 0.418306 0.000622511 0.00578199 0.00308254 0.000561951 0.00753138 0.00128418 0.00433659 0.000334267 0.0017838 0.000697676 0.00177515 0.00250689 0.00076132 0.00276721 0.00127695 0.0035409 0.00159543 0.000791331 0.00177038 0.957198
87 I 1.23037 0.000535005 0.00902553 0.0013638 0.00108367 0.00612843 0.000729005 0.00186203 0.775596 0.000847027 0.0313628 0.00395867 0.00504168 0.000490422 0.00290441 0.00068619 0.00359469 0.0036665 0.144738 0.00527459 0.00111183
88 V 1.30733 0.0312881 0.00372211 0.00439714 0.00630078 0.000926493 0.00107657 0.00630597 0.182681 0.00127104 0.00493629 0.00449559 0.00159222 0.00065521 0.00196837 0.000308399 0.000663415 0.00297729 0.739183 0.00398542 0.00126529
89 E 1.28566 0.0011795 0.00209035 0.013666 0.814767 0.00890528 0.00731513 0.00128159 0.0418107 0.00426218 0.00596947 0.00574975 0.00137598 0.00153016 0.0427842 0.000694492 0.00289281 0.00310909 0.0357794 0.0028629 0.00197387
90 T 3.4419 0.134217 0.00148414 0.0798527 0.104226 0.00193761 0.0104011 0.0328228 0.00590098 0.0126249 0.0400558 0.00134303 0.0118627 0.0138672 0.261258 0.0594134 0.0948524 0.0741466 0.0310858 0.0198121 0.00883512
91 P 3.97539 0.100749 0.00041438 0.0437194 0.0569919 0.0218456 0.0686685 0.0985172 0.048687 0.0144491 0.0314242 0.0470717 0.018256 0.13571 0.0668816 0.0224799 0.0203888 0.0185099 0.0608146 0.0922795 0.0321412
92 N 3.13576 0.0237578 0.0105746 0.358046 0.0252964 0.105745 0.14359 0.00865327 0.0186535 0.0098917 0.0385235 0.0131519 0.1265 0.00112836 0.0160308 0.0418825 0.0288375 0.00732378 0.00867344 0.00601286 0.00772592
93 S 3.1003 0.0386127 0.0144786 0.00167068 0.0039112 0.00680024 0.102726 0.000961194 0.00128547 0.000333814 0.000169321 0.00361154 0.107668 0.115582 0.262773 0.00100654 0.160663 0.0862609 0.0762948 0.00507876 0.010112
93A E 3.72705 0.0280651 0.0146387 0.0617673 0.246242 0.0119857 0.0229656 0.0527763 0.122412 0.0175845 0.0262278 0.0238737 0.0463716 0.0605346 0.0841973 0.0123611 0.0173345 0.0479646 0.0789771 0.0127529 0.0109667
94 N 3.43299 0.0205252 0.0216571 0.00478329 0.158108 0.129898 0.00229503 0.24783 0.0397634 0.0107178 0.0269244 0.00816927 0.0614008 0.000199095 0.0385061 0.00460742 0.0167889 0.00837131 0.0422898 0.0963023 0.0608628
95 G 1.13161 0.0337299 0.00271184 0.00675622 0.00809296 0.00330646 0.851831 0.00598227 0.000518766 0.0144721 0.000406184 0.00481751 0.00637493 0.00266935 0.00126125 0.00662501 0.028863 0.000982447 0.00540341 0.00857039 0.00662481
96 A 3.00852 0.221074 0.0203492 0.00325564 0.0646238 0.024872 0.00219995 0.00285778 0.00392899 0.0014443 0.0857076 0.00769677 0.0123277 0.27809 0.0230618 0.000242157 0.0669127 0.00680649 0.160621 0.00387733 0.0100507
97 C 0.494786 0.00164488 0.944952 0.00113998 0.00100522 0.00214863 0.000636991 0.00128748 0.00145203 0.00240624 0.000398899 0.0141325 0.00143047 0.000621425 0.000947544 0.00138076 0.00312184 0.00132317 0.00058188 0.0109865 0.008402
98 Y 0.730786 0.00258302 0.00330451 0.00193307 0.00116781 0.0271204 0.0014054 0.00465951 0.00373724 0.00112101 0.00239939 0.00634793 0.00387039 0.000982045 0.0024608 0.000921937 0.00171374 0.00368466 0.00447149 0.0130938 0.913022
99 P 0.576387 0.00202579 0.00141405 0.0015074 0.00286619 0.00103398 0.000832194 0.00252094 0.000849787 0.0010914 0.00913783 0.00215069 0.00129967 0.93571 0.00288832 0.00127017 0.00189233 0.00292795 0.0153576 0.0102959 0.00292748
100 G 0.704745 0.00117782 0.0058841 0.00154997 0.0203255 0.00435773 0.9169 0.000743096 0.00110645 0.0021261 0.000229703 0.0135125 0.00119077 0.00126904 0.00130234 0.00544588 0.00161949 0.00146438 0.00743032 0.00859492 0.00376966
101 D 3.63131 0.0958607 0.00851284 0.273134 0.132572 0.0107625 0.0474153 0.0130962 0.0272311 0.0163013 0.0449245 0.0201814 0.0560416 0.0607935 0.0211202 0.00910369 0.0368143 0.0345049 0.0480786 0.00732771 0.0362239
102 L 2.29757 0.000292902 0.00189312 0.00188598 0.00108268 0.0498124 0.000253336 0.00802313 0.230537 0.000833703 0.469884 0.0414319 0.0016931 0.000938598 0.00150257 0.000643763 0.000969084 0.0204559 0.0900846 0.0770253 0.000756977
103 I 3.82157 0.200919 0.032245 0.0289828 0.0124332 0.054963 0.0466065 0.112251 0.0544067 0.0220231 0.0290049 0.0458969 0.0442352 0.000132616 0.0579669 0.00957861 0.103689 0.0774057 0.0109136 0.0134928 0.0428533
104 D 2.74022 0.132339 0.00268752 0.457679 0.0858062 0.00785719 0.00435188 0.053758 0.000335482 0.00110148 0.0553217 0.0333419 0.0419962 0.00127222 0.0532034 0.000515993 0.0482093 0.000922188 0.000367421 0.00716389 0.0117696
105 Y 2.99512 0.0272818 0.00708987 0.00337515 0.00169838 0.0279786 0.0170337 0.00623805 0.189514 0.00163268 0.0752007 0.0401182 0.0113562 0.0177824 0.0289367 0.00287295 0.126384 0.0334249 0.011694 0.00477736 0.36561
106 E 2.10056 0.0773654 0.00481471 0.0050115 0.591583 0.0136123 0.0225991 0.0193933 0.000587526 0.00531061 0.00124145 0.00619188 0.000720013 0.0766171 0.154243 0.000490467 0.00398831 0.000660216 0.00504889 0.00417536 0.0063458
107 E 0.785316 0.00252752 0.00127348 0.00599376 0.907947 0.00362952 0.00363443 0.00312764 0.00670958 0.0147052 0.000438002 0.00953224 0.00377036 0.00266912 0.00296176 0.000750321 0.00172364 0.0130488 0.00119637 0.0131736 0.00118735
108 L 0.53551 0.000914521 0.00131324 0.00315047 0.000934484 0.00508537 0.000480412 0.000425954 0.0129634 0.00094442 0.93987 0.0127487 0.00102829 0.00274418 0.00747148 0.000502741 0.000256813 0.000884291 0.00308664 0.00242913 0.00276584
109 R 2.64466 0.0023736 0.00970736 0.000675972 0.00180961 0.0779862 0.00170332 0.123239 0.034332 0.0345272 0.011889 0.00857739 0.00548339 0.000514717 0.00148506 0.433836 0.00168089 0.01552 0.0174007 0.0273061 0.189952
110 E 0.938958 0.00490271 0.00368166 0.00919189 0.883269 0.00473324 0.0035987 0.00567599 0.0017692 0.0359271 0.00138678 0.00798804 0.00610239 0.000404031 0.00386252 0.00323654 0.00551379 0.00128034 0.00148132 0.00966802 0.00632676
111 Q 1.77347 0.0060793 0.00452199 0.00462105 0.00504205 0.00644378 0.00176038 0.100522 0.00421073 0.00922279 0.00471461 0.00766367 0.00600645 0.000461775 0.713864 0.0601275 0.0158777 0.0142017 0.00367191 0.0116421 0.0193446
112 L 1.22148 0.00181569 0.00149679 0.003577 0.00184178 0.00781267 0.000227349 0.0026949 0.135422 0.00238028 0.785422 0.00995391 0.00105732 0.000792212 0.00288349 0.000493499 0.0199729 0.00123685 0.0144003 0.00511614 0.00140267
113 S 3.55652 0.0432298 0.0520113 0.00389288 0.0251606 0.0608693 0.257427 0.0248869 0.0356594 0.0118276 0.0155949 0.0347403 0.0653129 0.000863228 0.0387526 0.0161366 0.165772 0.0996116 0.0177652 0.00540452 0.0250814
114 S 3.57891 0.102107 0.00386995 0.02949 0.0836088 0.0341589 0.0983463 0.00660473 0.0418912 0.00202051 0.0515032 0.0340847 0.00608238 0.00167166 0.109804 0.0216324 0.24616 0.0279809 0.0509592 0.00454273 0.0434811
115 V 2.58305 0.130184 0.0218633 0.000844681 0.00135801 0.0170415 0.000781391 0.000791018 0.259025 0.00123897 0.0247409 0.0166158 0.00116111 0.000205102 0.000775337 0.000315798 0.0201842 0.248922 0.246819 0.00413652 0.00299788
116 S 3.82948 0.0181337 0.00214138 0.0710153 0.0557066 0.0525202 0.0347773 0.00429905 0.12127 0.0344998 0.126595 0.016267 0.0194565 0.00245389 0.0626529 0.0497784 0.102764 0.135567 0.0400343 0.0110476 0.0390199
117 S 3.62447 0.0462209 0.00245679 0.0969669 0.0755714 0.0263388 0.0343211 0.0121056 0.00216768 0.0939968 0.0413788 0.0149563 0.0159171 0.001592 0.232368 0.0539995 0.124146 0.0561256 0.0395986 0.00459035 0.0251827
118 L 3.08637 0.14904 0.00263712 0.00160374 0.000815163 0.0376205 0.0107922 0.0104549 0.0998417 0.00324699 0.274418 0.173701 0.000390484 0.000607263 0.00415033 0.00026947 0.0194296 0.0637378 0.0452802 0.0890225 0.0129404
119 E 2.25856 0.0097882 0.00166953 0.0876676 0.619772 0.00167016 0.00231829 0.0475322 0.012658 0.0200199 0.00622514 0.0549462 0.00788213 0.00178543 0.00485029 0.00130993 0.03153 0.0439018 0.0295881 0.00378219 0.0111026
119A R 0.896732 0.00176953 0.00471893 0.00463537 0.00432566 0.00318436 0.00612199 0.00420667 0.00801784 0.0390181 0.00122846 0.00883498 0.00276594 0.00634973 0.00256335 0.88842 0.00130459 0.00336901 0.0020318 0.00505457 0.00207937
119B F 1.21583 0.00299697 0.00387927 0.0057517 0.00438193 0.836901 0.0050759 0.00420389 0.0249748 0.00437761 0.00729351 0.00791559 0.00305133 0.00260961 0.00393186 0.0011114 0.00486481 0.00307369 0.011234 0.0128135 0.0495577
119C E 2.10469 0.0350498 0.0101442 0.0174832 0.661516 0.00402756 0.00334817 0.00319407 0.00543996 0.025996 0.00923059 0.00947709 0.0158977 0.107303 0.0224325 0.00207338 0.00839412 0.0144889 0.0299182 0.0101353 0.0044493
120 I 2.05594 0.0281953 0.0110503 0.00574434 0.00533208 0.0193099 0.00208047 0.00358084 0.625604 0.00701085 0.118314 0.114384 0.0101016 0.00155241 0.00268668 0.00197167 0.00118844 0.00427191 0.0168111 0.0126908 0.00811886
121 F 1.06161 0.00334605 0.00833891 0.00727247 0.00253593 0.847804 0.000566911 0.00229411 0.00609737 0.00482392 0.00371506 0.0618207 0.00187912 0.00050728 0.00169671 0.000741643 0.00266705 0.00125799 0.00228704 0.00698553 0.0333623
122 P 2.58581 0.0186007 0.00100671 0.472149 0.0745324 0.00485961 0.00832594 0.00482524 0.00129967 0.0610182 0.000705113 0.00136667 0.0733215 0.174604 0.0287131 0.00787114 0.0492469 0.00697687 0.00375383 0.0021252 0.00469789
123 K 3.72288 0.0577538 0.00688848 0.0398758 0.0490216 0.224013 0.0239864 0.0077748 0.00643595 0.131406 0.0785067 0.0170356 0.00271015 0.0267103 0.0294005 0.0146937 0.0477471 0.043865 0.0829655 0.0311663 0.0780428
124 E 3.19688 0.156955 0.000182472 0.159309 0.28255 0.00863278 0.0336378 0.0204823 0.0139859 0.00162337 0.0166019 0.022652 0.104909 0.00597555 0.00741579 0.00020604 0.0733776 0.0522003 0.0237152 0.00920187 0.00638577
125 S 3.54478 0.0589053 0.000788936 0.0116474 0.0486528 0.0181617 0.153627 0.0152225 0.0837732 0.0045512 0.0481407 0.0442255 0.274292 0.00862924 0.0311114 0.0117383 0.0660178 0.0217662 0.0195154 0.0241922 0.0550416
126 S 2.72653 0.426243 0.00240142 0.000493342 0.000444729 0.0160169 0.0175149 0.0128565 0.00682408 0.0063708 0.00193853 0.0245674 0.0143606 0.000129739 0.0454531 0.00357515 0.0744461 0.090325 0.0456387 0.200424 0.00997541
127 W 1.20531 0.000929016 0.00706775 0.000732211 0.000999506 0.12067 0.00243828 0.00436551 0.000573791 0.000719548 0.00199785 0.0120588 0.000563621 0.000162263 0.000769266 0.00067584 0.000239733 0.000779334 0.00130983 0.77483 0.0681186
128 P 3.07636 0.0135552 0.0157581 0.00932874 0.0898213 0.0101166 0.0251148 0.00177901 0.0227036 0.00588384 0.017654 0.0859356 0.0146518 0.398168 0.144615 0.0203384 0.0466755 0.048252 0.0235336 0.00204246 0.00407281
129 N 0.526731 0.000440423 0.00210606 0.00337365 0.00342667 0.000506917 0.00171367 0.00885266 0.00236705 0.0032247 0.00310338 0.00128173 0.944173 0.00223288 0.00764382 0.00117317 0.00438356 0.000746776 0.000898188 0.00357851 0.00477325
130 H 2.52873 0.0037057 0.000447021 0.00191221 0.00183537 0.0830692 0.000141708 0.256329 0.00385873 0.000473601 0.00623712 0.0183071 0.0501421 0.000215816 0.0151621 0.00194195 0.0590976 0.0554134 0.018884 0.00435933 0.418467
131 T 1.67499 0.00488819 0.00122167 0.0100511 0.00453046 0.00239705 0.261507 0.00147883 0.00910637 0.0772282 0.000994588 0.00257127 0.00104824 0.0018567 0.00235267 0.000581737 0.01222 0.602657 0.00040766 0.00183924 0.00106139
132 F 2.23916 0.056635 0.0068037 0.23045 0.527943 0.0692986 0.00596298 0.00394906 0.00579519 0.000737785 0.00320484 0.0117251 0.0168933 0.000267553 0.00794173 0.000757917 0.0106956 0.00294521 0.00492705 0.0258425 0.00722397
133 N 3.46494 0.0565083 0.0021179 0.0659276 0.0788142 0.0678225 0.0322984 0.0554596 0.00536583 0.00585816 0.00675955 0.0229539 0.0702398 0.012745 0.233214 0.0180153 0.00543764 0.00636103 0.0549183 0.0038874 0.195296
134 G 2.29968 0.0397102 0.00355409 0.0256936 0.020715 0.0113689 0.659137 0.0246293 0.0204556 0.0375039 0.0134149 0.00594609 0.0265533 0.00685414 0.0232047 0.0111974 0.0120092 0.0131695 0.0138641 0.0224428 0.00857628
135 V 2.88723 0.0300424 0.000267757 0.00700331 0.00808628 0.00334212 0.00500211 0.0174426 0.3041 0.0352303 0.00848442 0.0139818 0.0222938 0.00409043 0.00465887 0.0313662 0.116205 0.271061 0.111129 0.00136317 0.00484889
136 T 0.977121 0.00111531 0.00239104 0.00092564 0.00185361 0.000459008 0.000829209 0.00455105 0.00418967 0.00167442 0.000288967 0.00344287 0.0026224 0.00124237 0.00120662 0.000344056 0.80199 0.164484 0.00134047 0.00250673 0.00254257
137 V 2.8265 0.337762 0.000838141 0.00180618 0.00394016 0.108006 0.0131136 0.00563504 0.00581385 0.0010512 0.0480759 0.00659103 0.00729854 0.000880522 0.125169 0.0003173 0.22773 0.0234121 0.0119922 0.0515574 0.0190085
138 S 2.3928 0.294391 0.0150657 0.00577537 0.00435131 0.00956004 0.0091274 0.0116614 0.00156061 0.0121028 0.121962 0.0236963 0.0071632 0.00126984 0.00561079 0.0062445 0.429245 0.0302409 0.00560674 0.00167634 0.00368916
139 C 0.939238 0.00578316 0.889197 0.00458446 0.00525786 0.00882894 0.00932813 0.00238287 0.000917117 0.00591611 0.00283731 0.00301492 0.00142538 0.00620671 0.00366168 0.00286562 0.0100143 0.00504708 0.00394479 0.0105208 0.0182657
140 S 3.75652 0.0127082 0.00201564 0.00542358 0.0919757 0.0132283 0.0792268 0.024067 0.0882283 0.0274808 0.028455 0.00910866 0.143257 0.130024 0.0905123 0.028087 0.0206966 0.114896 0.0381665 0.00383233 0.04861
141 H 3.58789 0.196728 0.0153398 0.102422 0.0598742 0.00657487 0.00128078 0.0286996 0.0331497 0.00714276 0.00824014 0.0546986 0.035752 0.0012814 0.0349201 0.0370548 0.0638003 0.195319 0.081224 0.0216837 0.014815
142 R 3.85812 0.0521276 0.00048132 0.00286353 0.0497406 0.0163174 0.0519254 0.0629295 0.068389 0.0293097 0.072078 0.0282933 0.096534 0.000169509 0.0823355 0.0512686 0.0494523 0.0424221 0.0557523 0.00886569 0.178745
143 G 3.41464 0.130476 0.00449279 0.213308 0.0658953 0.00321413 0.105604 0.0373424 0.00112157 0.0443614 0.00127447 0.0478195 0.045899 0.000828512 0.104629 0.00751955 0.143512 0.017697 0.00684775 0.00854248 0.00961613
144 K 3.65161 0.0179553 0.000936837 0.0683361 0.117637 0.00872625 0.108559 0.0565844 0.0596189 0.0379504 0.0225073 0.0612997 0.0395633 0.00120004 0.0436255 0.00794938 0.0568357 0.23402 0.0319917 0.00254358 0.0221591
145 S 3.38841 0.227123 0.000540958 0.0134513 0.00614185 0.00290847 0.00189837 0.0747256 0.0173415 0.0521192 0.138105 0.0579835 0.00526164 0.123649 0.0426328 0.00575458 0.0441684 0.138523 0.00423774 0.00339575 0.0400376
146 S 3.21888 0.0939977 0.00128166 0.0737136 0.175954 0.00267985 0.227694 0.0763852 0.00109539 0.0256405 0.00456645 0.0132908 0.0141893 0.00105616 0.0961591 0.00203475 0.126157 0.0575765 0.00085058 0.00403365 0.00164391
147 F 0.758383 0.00276331 0.00369009 0.00325846 0.0013545 0.903516 0.00223674 0.00819926 0.00105963 0.00133046 0.00130015 0.0415629 0.00154029 0.00118295 0.000844503 0.000858455 0.00227895 0.00136696 0.00639399 0.00686749 0.0083944
148 Y 0.998767 0.000476434 0.00352213 0.00619797 0.00501918 0.124129 0.000576057 0.0125245 0.0010742 0.000593393 0.000884838 0.00240838 0.00172727 0.00101742 0.00290069 0.00045152 0.000875196 0.00289481 0.000639371 0.00709658 0.824991
149 R 2.29356 0.00325058 0.0043326 0.00223864 0.00427262 0.00105356 0.0079665 0.124043 0.000899441 0.168719 0.000485371 0.0032269 0.115256 0.000518641 0.00464159 0.48254 0.062999 0.00731195 0.000649184 0.00237846 0.00321649
150 N 0.5577 0.000685986 0.0021614 0.00809439 0.00147113 0.000891972 0.000393403 0.00722542 0.00377181 0.010412 0.000144168 0.00194128 0.937013 0.000349658 0.00163936 0.000236424 0.00554903 0.0130352 0.000535906 0.00256679 0.00188131
151 L 1.70203 0.000276316 0.00434209 0.00140121 0.00115626 0.0176702 0.00084145 0.00125725 0.218543 0.00172453 0.624353 0.0612506 0.00163924 0.000696336 0.00150243 0.000291909 0.00308471 0.000500267 0.051822 0.00678899 0.00085813
152 L 2.36001 0.0253495 0.00392861 0.00494824 0.0063504 0.07106 0.0200691 0.0270884 0.0172566 0.00401778 0.540002 0.0100991 0.0188696 0.000905632 0.00627914 0.00270845 0.00820951 0.00146613 0.198588 0.00614797 0.0266564
153 W 0.456258 0.00108435 0.00638589 0.00133782 0.0022982 0.00307358 0.00132863 0.00284092 0.000575221 0.000750286 0.00155664 0.00531415 0.000840916 0.00150704 0.00121282 0.0135847 0.00236635 0.00109917 0.00091469 0.951255 0.000673221
154 L 1.74184 0.00133877 0.00251505 0.000545106 0.0010596 0.000259064 0.000285042 0.0002561 0.217302 0.000703418 0.300215 0.00516622 0.00113332 0.00407431 0.00184614 0.000242883 8.38984e-05 0.00406644 0.456612 0.00156346 0.000731684
155 T 2.76403 0.00806475 0.0124243 0.00385754 0.007231 0.0131644 0.0472306 0.00882838 0.0153382 0.0166761 0.101495 0.0201312 0.00752515 0.000219304 0.0709184 0.0134744 0.0348744 0.479983 0.0117783 0.00228803 0.124497
156 K 3.45601 0.246018 0.0155442 0.00021041 0.0502639 0.00177718 0.0810421 0.0229862 0.00729281 0.0840661 0.019273 0.0364855 0.0128457 0.000814604 0.0750194 0.0531852 0.136378 0.0753795 0.0798842 0.0013097 0.000225122
157 K 3.7779 0.169153 0.00380153 0.0263674 0.0453992 0.0345049 0.0111609 0.0297594 0.0170425 0.0972377 0.0459068 0.125688 0.050543 0.000690837 0.0253133 0.109411 0.0672242 0.0225607 0.0117453 0.0147235 0.0917663
158 G 3.45574 0.047418 0.00048587 0.118125 0.0723099 0.0501976 0.0801655 0.014123 0.00315402 0.00516714 0.0684236 0.0253614 0.237782 0.000490861 0.11059 0.000686862 0.0965545 0.0405073 0.00457163 0.00199036 0.0218949
159 D 2.22955 0.0238217 0.000586762 0.186251 0.573704 0.000590784 0.00331402 0.00532677 0.0356819 0.000684855 0.00373503 0.0100831 0.0183491 0.0261385 0.0146985 0.000179734 0.0279137 0.0428651 0.0204555 0.000683235 0.00493664
160 S 3.42758 0.00946324 8.62375e-05 0.206655 0.143434 0.0523179 0.00724863 0.0414393 0.0149585 0.000464501 0.0156981 0.00757482 0.0810268 0.00252042 0.0101439 0.00205928 0.0379123 0.0840243 0.158394 0.035453 0.0891258
161 Y 1.3268 0.000593769 0.00443325 0.0156043 0.00260617 0.0446641 0.000903775 0.00461247 0.00135156 0.000950885 0.000541639 0.00768981 0.00646205 0.000509552 0.0014342 0.000822374 0.00196114 0.000995223 0.000473246 0.157228 0.746162
162 P 3.99587 0.0893133 0.0079593 0.0581392 0.0457507 0.00805748 0.0776958 0.0482774 0.0201842 0.145475 0.0333751 0.0707586 0.033536 0.0176101 0.0451515 0.0468894 0.105323 0.0280183 0.0372323 0.0115359 0.0697172
163 K 3.69098 0.021643 0.0045263 0.00592968 0.0186041 0.0573606 0.00755316 0.235323 0.0331969 0.051231 0.119763 0.105601 0.0150332 0.0637666 0.0443232 0.0125449 0.0284009 0.0659867 0.0337856 0.00857292 0.0668548
164 L 2.29852 0.152481 0.00255513 0.000218286 0.000366211 0.0157793 0.000493969 0.0042771 0.0896203 0.000307393 0.0835568 0.0276705 0.000574616 9.65607e-05 0.000430344 0.000201628 0.0143106 0.0816373 0.515763 0.0047431 0.00491699
165 T 3.46635 0.245454 0.00210563 0.00950659 0.0464465 0.0562464 0.0100211 0.0468412 0.021825 0.0102663 0.138253 0.0089002 0.0132027 0.000212623 0.00884804 0.00708433 0.099775 0.131375 0.0708003 0.0408268 0.03201
166 N 3.38653 0.0606004 0.0058259 0.010482 0.0218886 0.0743656 0.0746509 0.0037489 0.0100031 0.0291199 0.0116822 0.0297661 0.135415 0.00537446 0.079888 0.0059415 0.291905 0.0726205 0.0707493 0.00161892 0.0043536
167 S 3.77643 0.0536231 0.00240708 0.0196232 0.186609 0.0716789 0.0166835 0.0116834 0.0133878 0.0233615 0.0188397 0.0328433 0.0829214 0.00165547 0.0430289 0.0220734 0.140046 0.0690357 0.0849592 0.0637607 0.041779
